13.111961
62.096397
85.82283
88.483955
18.53357
98.51301
25.786871
81.539856
38.968075
94.874535
19.363754
39.476257
40.634624
24.922722
59.016396
40.628696
25.580496
11.026317
79.66136
33.779346
59.71784
60.164333
48.366283
46.730362
42.772358
85.7953
46.060406
40.259724
65.18864
8.689552
35.723507
7.9611897
51.708157
23.13084
9.99133
44.89139
21.81862
68.58069
47.94924
83.54879
58.743988
25.103325
29.5371
11.307073
84.09057
19.294453
70.22651
89.89879
80.48735
78.42784
57.539482
34.834774
93.17191
47.87793
23.948425
34.755318
9.901076
11.004221
52.4397
90.70636
61.04833
43.566788
26.555134
90.347115
75.336914
44.917297
46.3805
48.316185
56.212692
15.773874
96.3716
1.6646981
27.059746
74.00075
76.05355
47.72424
5.7928205
93.69868
66.768234
14.393353
69.12445
23.85347
78.35828
12.039625
20.114685
47.13589
90.860855
98.530174
78.39321
10.107422
15.145218
99.88676
27.436054
27.534008
50.48579
38.342674
17.03161
96.78094
19.14894
85.84782
78.94893
65.952576
31.33074
57.08006
49.997894
70.71194
46.672703
93.59163
47.137184
80.28918
89.8714
45.72753
24.840534
90.350266
81.66899
96.340485
94.18933
37.995155
17.158348
69.09745
57.544716
37.598907
60.56717
42.392647
31.404543
92.4715
99.51832
29.680521
95.21963
99.928734
77.53144
59.610058
25.3932
61.434174
86.87854
79.93381
94.09377
36.65159
85.78934
42.096786
32.361786
43.76064
5.692148
87.06134
59.58663
38.021954
32.253193
24.735397
57.884987
77.67715
95.33749
70.84704
44.15047
68.747185
49.863636
6.81476
46.30624
27.618874
4.383433
54.728573
88.12729
98.52184
84.91679
94.67423
1.2713134
49.69279
56.25751
93.054596
19.041174
61.36146
55.09327
95.1055
26.887625
26.39568
82.623085
63.346844
95.54761
52.79665
17.9896
6.1949015
57.61544
80.08743
27.16644
41.392345
93.68663
69.398094
79.65936
20.355278
14.2353
71.69239
42.513977
9.120006
85.13789
18.638659
88.00364
75.488014
83.09928
66.19924
38.64463
80.46973
49.851162
78.75859
36.807205
64.53209
66.362076
99.75244
92.431625
68.84098
98.726715
68.085175
52.799053
41.098667
92.00105
14.475971
94.84273
61.211945
55.945904
91.16828
50.322796
39.45586
4.172766
36.6429
94.84728
8.648878
65.10284
65.12842
16.03452
60.81988
76.816765
61.401646
97.22324
90.679665
38.46401
93.77404
29.502815
64.72523
6.405634
72.99286
85.2264
61.884003
64.48334
49.33
34.667553
44.187782
43.353672
73.23807
68.47923
43.056988
25.12614
42.029346
51.821125
56.441338
15.834803
13.054371
1.4556766
76.4314
51.605953
6.3554883
60.10796
27.219242
84.62363
21.846598
78.583046
24.698221
64.81427
9.382349
86.4949
45.86947
43.061745
7.8515053
88.25181
56.943546
5.0238314
91.44484
8.747471
21.032614
42.364807
58.85586
99.9183
31.124146
54.371906
82.282524
17.153572
72.17899
79.2241
7.1831284
66.005066
52.332806
95.18085
96.83421
82.568756
90.99209
30.019575
35.44106
43.44828
58.858334
27.348959
4.021561
46.81367
18.402327
53.94973
90.245125
78.510735
63.924313
88.845474
79.14482
85.53688
48.016376
15.996843
39.980476
52.873867
59.99422
84.76924
95.92409
93.3627
84.75352
99.8844
59.63761
59.041714
74.65985
32.4815
87.75446
6.4763603
58.69235
91.04698
50.854797
58.733982
52.38347
72.99887
9.403896
8.755171
18.447048
10.120911
8.522743
79.21528
24.743397
82.13358
60.167336
64.13698
5.834222
68.57738
26.654852
19.401909
23.336351
38.793552
87.40128
80.12391
44.15754
99.85812
95.698845
70.10711
84.11895
72.405876
75.397766
35.151386
56.128876
91.73681
81.06348
0.93039274
89.72466
16.60301
38.717056
96.009796
64.26094
8.617746
88.356384
30.0658
97.17124
42.111725
81.383484
10.587704
16.50806
46.096737
14.677066
72.698814
2.3778856
28.210587
53.75898
85.91302
22.997814
4.3471456
57.28147
58.680927
0.039952993
59.172718
37.44406
51.800232
85.88798
1.7576456
1.0323882
20.815462
7.6631784
99.78617
15.216124
66.36899
53.699398
75.736244
34.272472
81.35784
35.938168
12.345064
37.80014
41.281364
33.91694
33.708572
49.104435
6.2280235
4.1398344
26.43059
82.17688
51.752037
53.21702
24.076689
66.535446
53.952187
18.865479
62.351482
7.1690917
49.21785
63.371677
94.26789
89.54077
19.49553
57.178814
39.289593
51.20613
13.010019
52.695488
90.99135
27.823841
61.91743
21.106602
69.99682
84.45267
61.454517
37.843037
36.433594
56.898125
9.174717
59.437996
55.31553
22.89737
92.53297
78.83117
83.36232
71.088356
53.418457
84.90595
43.845325
35.532413
39.568626
81.3515
11.971039
65.14679
85.77408
50.08378
14.754831
27.415197
8.358884
24.755203
81.785545
32.402313
70.8643
83.708885
75.03789
61.18824
8.757889
81.53335
93.066444
98.70845
28.228653
30.64964
36.439495
87.54401
5.919814
74.682686
43.880135
20.928352
70.31325
83.36023
51.827286
91.156044
94.24539
53.03796
91.374115
66.29313
44.848644
40.42226
45.960625
22.758347
40.53136
51.46832
38.780575
54.69199
43.20336
78.6507
71.40954
80.339775
51.904453
42.776936
73.28566
89.800766
65.69514
79.245895
56.80217
22.83064
98.828674
81.2091
74.13996
26.927692
79.86152
5.601859
91.62958
48.19371
63.806564
83.66564
95.24921
25.553196
68.33582
90.63556
9.513015
44.491924
92.35217
94.03489
1.9722402
12.763089
39.24424
54.880173
90.13927
27.290524
94.395615
28.497814
7.96681
40.122
63.934105
43.089695
98.9955
9.661126
81.48597
5.2272677
14.661813
51.00693
14.363241
36.730934
23.585964
12.090742
27.991385
20.593882
3.2981575
88.01799
95.62445
72.4929
44.988518
8.75864
12.952274
45.807373
67.46838
60.806465
7.8489723
72.8225
4.4097424
23.92928
33.325558
82.86351
2.6987076
63.50782
26.127338
73.49939
85.82338
37.619686
79.06479
36.733402
88.85538
77.93976
57.10521
15.391624
37.827324
33.234596
25.813316
31.923151
11.02035
23.823511
16.556824
52.787823
0.5304158
21.523212
31.944275
25.848335
64.969925
20.50873
73.50781
19.080353
86.580956
4.9961925
23.263662
48.909145
84.502785
6.030363
23.3738
82.07799
89.37461
4.8518777
10.899395
31.71854
9.602636
18.798393
85.10085
15.855307
56.030285
58.495975
15.731562
63.626965
86.78364
84.81893
65.43818
13.800228
67.89824
9.898716
66.175964
63.503845
55.955135
69.06799
97.24313
68.39975
17.165386
57.319206
95.2151
33.677273
31.755573
43.486713
38.113087
47.30795
54.548817
93.33624
87.27778
10.999769
31.54369
96.03966
10.65827
2.3692966
10.119027
70.66059
15.900683
25.199478
37.098385
55.375225
76.374146
58.524048
56.97028
53.86345
69.062004
23.99246
2.5668979
33.850212
61.34152
42.901653
95.75637
71.94116
80.65951
26.873238
37.314312
98.02787
93.87704
30.911732
87.03566
69.54648
73.81243
25.067026
99.065605
60.231678
71.77632
5.77125
47.920162
65.75158
74.49835
53.81872
30.09464
47.334576
49.93643
50.660503
59.699326
68.36849
72.49365
25.009834
57.20319
43.68625
27.913921
18.579166
3.90957
59.13748
90.66783
23.036182
54.845695
23.928434
21.369421
53.977818
55.746986
60.504353
73.389175
34.94548
39.994408
88.42118
21.36889
72.36916
15.770799
18.242485
20.131266
7.025397
27.202446
89.10032
81.15658
39.377052
53.521435
85.835884
71.32679
94.348946
22.810686
86.80942
21.283985
29.060328
69.97757
76.324486
0.0972569
97.22573
78.35771
12.496859
10.873783
82.8525
59.702312
55.223137
75.69415
59.07365
54.990303
14.141411
65.31722
35.087
68.079666
84.160904
42.31912
33.917355
73.03523
58.867516
98.847885
18.83189
94.21792
89.04743
0.44784546
18.53599
33.881397
25.43381
84.20445
16.636585
85.89758
18.858368
86.86427
84.22424
4.934639
66.12637
0.9894192
74.79718
9.367246
81.54175
24.318897
36.197025
52.64588
39.060722
99.35045
56.87594
53.84143
92.08274
52.05676
74.85967
93.47642
11.994201
66.25541
72.46414
48.23035
44.42409
54.418034
32.481842
8.152575
16.973083
57.90174
80.55683
25.9323
23.724747
76.29591
11.254698
30.675167
91.48651
53.695442
33.411396
72.445145
8.349455
51.443626
54.27739
80.28751
76.27175
94.7542
96.39126
30.10407
72.017136
72.45445
39.710365
51.96902
52.513195
93.03412
52.049618
14.428795
85.69604
99.695625
0.14919043
19.009613
91.90003
35.948624
72.58711
17.363882
36.11887
40.559006
34.214222
29.833609
61.85527
65.743004
23.821354
34.12185
23.201258
30.09851
95.41777
0.47988296
75.221214
82.90733
45.934868
52.389423
72.18193
9.456235
14.561725
14.008492
98.784584
8.555192
41.52225
85.33312
97.96332
29.43635
36.235256
38.59216
38.246674
41.96502
89.83596
13.141024
88.91645
3.167683
27.42325
67.1643
98.59184
66.37564
97.63421
21.763594
35.32384
94.00322
46.802933
63.233643
78.28034
88.64682
91.66339
92.06686
13.669801
52.636463
46.997253
69.838646
93.28882
46.54038
55.56113
97.78741
52.147186
10.871953
18.87018
1.6032815
42.744976
81.14693
14.845294
16.479195
45.03512
98.568924
76.890274
93.469025
21.750105
51.377712
77.65789
44.067974
54.012215
74.98449
27.655619
23.916138
58.955975
62.46071
46.06195
30.68002
33.00508
56.07441
59.86428
65.35068
6.560403
91.02455
22.943138
23.087538
39.831955
75.266846
43.330986
39.821846
38.608295
15.623504
52.947025
7.4139595
52.68647
36.80625
27.092236
74.34769
19.832558
3.4510136
52.38657
94.668076
92.41691
7.9718647
82.20832
56.865334
91.742195
61.50928
2.6835382
81.226776
62.591087
49.307053
43.562145
91.185356
85.262276
33.64636
4.661268
46.561886
58.497585
0.45291185
66.771225
37.31792
9.95329
13.64221
16.885239
21.307486
63.5188
23.261547
31.270582
2.1520019
88.68502
48.919476
30.251772
70.18976
46.72186
53.571545
88.69069
14.706832
3.6126733
29.474281
63.15403
86.39223
99.048164
28.359938
76.84603
80.03832
94.40073
92.26697
96.8085
86.60511
97.14285
35.942406
93.966194
56.371395
2.8626204
22.58215
8.704006
29.308098
63.65041
83.47504
55.242874
41.142387
89.53194
0.76199174
3.639096
52.76197
0.7128775
88.21835
34.332626
83.37398
57.153595
25.236261
86.442795
43.73487
9.442306
76.8562
26.146454
62.168503
3.6810338
40.916992
68.22739
3.165108
72.29913
20.619017
54.07379
84.09367
93.088135
15.795464
48.900818
70.76303
67.59356
43.043297
84.730064
55.847923
76.15221
37.973404
72.670555
6.980318
5.7367563
11.905867
6.3829303
82.831154
15.337211
50.38011
10.398996
7.825881
25.404423
67.20369
73.40429
29.109669
68.003654
1.0715127
82.925156
45.68308
64.43483
43.006992
18.411047
49.75248
60.394775
63.276928
2.8456867
87.584236
25.069046
12.5955105
86.19941
72.62948
41.195797
71.25357
78.752556
41.323643
86.051
23.494608
49.1436
63.500202
37.936028
25.528645
95.55339
19.3415
75.14025
91.86024
22.421534
55.585106
52.10106
44.253223
57.25454
90.48671
4.750383
94.118484
9.246182
62.799843
19.545073
76.1616
54.4658
10.567415
90.71139
27.84775
71.22298
24.445951
31.640821
45.024567
97.88952
84.0238
19.564194
13.598424
37.01979
48.38985
59.577614
65.504364
41.18592
11.108613
3.3308268
74.67702
33.727615
29.62538
49.315216
55.963696
1.8601835
17.636484
62.363995
62.878902
49.606388
21.60316
57.92425
75.050644
77.195854
47.66404
6.6646996
94.73545
14.351791
28.823597
83.391365
25.77607
43.763054
23.388517
43.966953
25.048954
13.585323
70.92846
99.44005
3.319335
23.658789
41.10337
28.923655
12.320119
37.961357
40.889336
44.515682
10.942787
98.39065
77.22512
81.887886
24.130505
4.1011868
42.87941
29.806
32.165234
52.193993
24.206615
48.069065
89.623955
74.5056
49.028553
25.015884
26.738775
30.576843
62.577396
38.253574
30.938232
46.66389
58.499718
52.587967
12.993134
7.0152283
2.4029613
90.81445
95.77008
77.76854
77.188065
71.15831
9.756178
60.976093
95.13014
21.395206
69.21405
60.76139
61.832462
57.25882
37.328667
83.82339
25.087017
81.43768
64.597244
69.878296
88.44243
0.62620044
18.885983
45.66711
38.831062
29.634237
80.23942
49.425858
11.681551
12.949246
81.19902
75.84389
60.09056
31.419558
61.89974
28.215145
79.21211
12.484569
26.710999
32.471596
68.21958
40.77763
29.128563
3.8937628
52.993565
87.69304
37.77648
62.39943
88.88796
85.924515
7.8247128
56.3589
68.141045
61.8972
78.26335
81.87873
57.15338
75.83786
61.005657
17.50067
29.188145
77.93231
77.73815
40.408833
65.11333
68.13892
25.13007
45.716167
3.4617841
96.86156
19.099617
65.46599
99.01074
90.49346
40.26927
27.951204
21.764898
58.04842
1.7947912
24.202501
3.967601
87.482666
9.006148
59.468224
37.676292
79.22707
19.646692
79.70692
88.44685
72.805595
31.14702
32.104927
28.5151
84.68408
74.84197
64.045166
95.09358
2.7097404
39.164192
95.48005
43.380566
37.262554
47.77153
38.05646
19.782198
50.706463
2.7436554
42.41867
16.66627
15.622425
56.18671
58.756493
56.497227
55.91327
79.894806
9.8111515
69.06113
22.038252
66.52794
29.204596
82.10113
37.774933
66.78566
79.18604
12.28767
27.98853
65.30265
62.820297
72.09308
18.450754
38.799522
7.4688253
58.691643
64.88826
59.033405
54.38869
56.138813
70.81528
81.26558
17.714619
12.284976
45.53908
47.56692
13.372821
80.45215
14.805108
79.898575
32.044514
83.95766
58.218903
7.429266
81.655396
43.034595
17.754423
78.18902
34.581547
30.312162
9.8058405
29.431797
27.460825
7.330388
15.397101
11.8180275
10.873771
62.93762
6.9286165
77.8772
79.96263
80.02996
59.373463
98.627625
22.108137
12.928736
54.85846
77.484344
44.960117
59.555637
14.364815
96.759346
37.36062
64.0684
22.705114
88.54526
21.01221
23.189175
73.38904
43.28114
65.19404
87.330475
70.45227
0.84709525
17.545021
22.851498
33.325832
50.954605
97.10677
19.223267
58.465282
62.536465
61.70392
2.2208035
74.400154
71.75147
99.6517
26.981771
63.326817
61.372936
69.09958
31.176006
17.137665
32.3104
69.48642
94.73064
5.2036405
92.713264
45.101444
77.47815
88.216156
8.732205
96.1817
46.47771
51.42053
81.087265
77.960976
0.15339255
12.672085
35.943584
61.30726
94.1615
98.51473
70.370735
82.80094
54.216774
64.08137
40.316433
39.12952
61.964012
50.767357
61.330635
56.385887
42.176884
46.619053
43.31202
54.198235
91.71389
7.0553484
54.71188
6.5928516
34.18722
53.312164
8.6261215
94.164505
78.44295
39.84087
53.05497
27.630352
5.76089
43.335777
95.64338
72.3648
20.022362
0.21196008
85.07803
2.3074627
9.641093
7.86193
37.966167
84.021515
90.29341
11.111551
42.72641
26.033783
6.720501
48.756565
87.36519
2.352184
61.22057
17.2392
62.887497
63.73502
29.828571
77.3297
50.70622
16.445982
6.3331604
44.582767
43.28803
70.49776
43.756527
51.379078
0.2392292
21.457327
15.085262
85.13482
55.235565
29.510897
95.0655
7.927984
56.093414
33.482944
35.751457
63.071198
4.6354475
86.75024
16.02419
16.342676
23.903381
16.430193
43.089634
57.516933
97.10905
90.85646
58.448177
71.925476
20.199131
76.250694
96.2402
53.997223
83.05857
78.78577
85.26359
73.61435
33.524097
99.10493
12.194228
71.769
94.168434
83.066284
40.29402
81.08021
50.202934
84.339676
30.651653
67.451004
34.10244
74.87233
50.06999
26.298058
20.262539
50.60165
87.20353
46.71833
53.05081
98.63234
85.38613
62.578808
51.216774
73.97725
43.510937
25.299717
18.30046
98.515526
24.882263
70.08284
95.25766
50.73935
45.516342
68.11361
91.1466
84.89576
18.099958
0.99755526
38.852573
64.098976
93.71132
1.1018276
34.23304
39.770596
41.267323
39.845573
12.829124
74.30067
13.098121
34.167133
2.8034031
14.116817
75.49019
74.80069
15.736425
44.46699
4.7205744
55.593723
18.36478
27.29302
14.078945
24.42388
83.60346
60.789043
45.5033
58.427387
83.90987
38.85374
23.415924
40.891743
45.17237
4.9760876
78.62637
37.51459
76.113396
26.518202
40.068893
15.574795
73.26633
89.31897
2.775842
52.247555
41.812862
70.541016
85.78236
45.733517
80.15898
70.28829
25.34898
84.53496
33.603416
14.360976
21.528631
82.13486
7.6441708
15.279889
92.05607
34.11557
42.521034
44.15773
41.977013
66.55222
30.96189
8.936274
43.349266
84.05473
24.55784
5.8255377
32.539623
85.397255
29.818375
50.414433
76.7219
38.111443
72.147835
56.87666
72.57867
11.141491
79.44528
11.0365095
13.160229
78.63614
51.78085
32.91632
70.41044
76.72164
79.974945
92.951546
75.892685
18.75732
14.547187
93.5847
58.41716
29.781902
73.36563
53.75259
90.070114
25.837368
87.68471
1.2405992
59.878742
43.392235
93.692986
39.435215
3.123653
74.526054
72.094925
77.16524
63.06206
17.791546
58.83062
98.64949
7.285267
47.21244
3.3139884
74.69334
2.656281
93.73979
39.374958
34.88936
18.119198
37.27383
81.569084
6.4331236
53.818535
12.223398
34.126556
90.07924
25.900871
26.242996
40.32024
63.61492
89.895035
97.543236
40.52195
42.95953
90.29308
99.862465
2.082181
69.61288
41.308342
11.224974
33.117294
48.738796
93.00764
39.967545
65.34019
16.812443
20.152634
22.726292
53.557026
42.672012
98.003685
79.23706
77.01868
46.250683
42.71415
69.576
71.41777
79.54057
94.26264
34.073902
71.23066
42.83512
90.435165
34.36505
96.8998
83.45106
12.292421
37.224598
96.93064
35.450863
98.765366
48.91967
13.545394
37.936455
12.252384
76.22034
14.613331
10.894513
52.89547
47.0219
51.995373
55.034683
38.953453
6.319058
15.344792
73.32749
99.5435
26.203173
44.252293
23.83569
26.976181
47.351147
4.182357
6.8201065
54.76515
46.421463
82.00067
53.92993
17.762869
92.71885
94.434074
27.561659
99.18525
88.84299
52.24162
97.25745
19.778097
55.7722
79.22812
44.440937
4.0982604
21.484243
38.8315
53.047897
2.695322
53.881912
82.50685
81.95507
24.56141
70.13075
59.470993
34.858673
67.055435
83.75218
42.830162
57.783882
28.904957
72.73357
54.2732
6.159425
71.95647
72.86441
50.26682
48.870678
8.009756
3.3951879
54.246258
71.47771
35.07201
1.4149845
39.17241
24.479216
22.253143
88.091385
35.858215
43.81196
41.65905
76.708374
37.796825
72.45081
99.19997
98.43573
11.308617
95.83447
12.204254
7.6891127
89.43383
95.76403
90.91623
2.078712
13.213629
42.348183
81.97108
71.14414
89.2197
10.50362
36.208797
68.74358
7.1183023
94.5278
39.948307
83.079506
25.707705
33.474243
50.14521
79.43612
5.5817547
72.6671
59.56389
88.873055
76.98921
7.94822
80.88356
63.025673
63.53795
63.470398
29.01624
64.02754
87.402534
79.41572
32.14311
89.18011
6.216997
60.36815
55.188507
73.69612
42.76421
99.70945
48.57207
79.54726
78.11867
30.90229
71.84948
73.62479
69.5778
7.5051546
0.8199215
60.110844
4.362029
13.919097
30.208237
47.754265
6.81923
5.9526205
87.29713
66.80876
24.192112
61.1232
87.87767
68.446106
37.667603
34.071426
90.406235
33.786983
90.506454
2.4880707
40.915703
34.14576
22.944588
7.549
86.45379
39.07242
28.971535
33.08457
62.85088
86.26784
48.04548
86.70786
10.503608
55.983097
15.631038
90.08069
24.462456
32.18649
80.78905
14.662636
20.107395
60.254467
62.86499
12.9818325
68.57359
4.4365587
38.88328
57.066273
85.14982
72.64545
0.14071465
57.622635
5.229175
67.578636
82.59829
66.34916
54.97058
74.69837
98.20385
64.987495
74.36831
43.654106
80.75745
87.98317
18.47716
21.361668
13.189358
69.62849
95.46479
64.75349
46.302223
24.057167
78.13737
88.34484
20.589733
69.265816
86.597046
76.944534
1.4556885
70.32895
4.541862
34.359932
68.09962
67.09727
89.02242
13.653856
11.904346
46.922787
24.652458
28.814142
1.0629237
41.4095
77.568855
28.568518
24.43726
49.97054
23.902798
94.05337
4.580772
93.27554
72.02042
28.221958
53.126198
61.748116
9.993869
37.91644
62.29548
72.439224
90.16136
72.65093
85.39988
70.23826
94.52753
7.145226
53.44784
83.9285
99.25658
18.858088
21.260035
65.554115
97.54698
75.105705
97.01213
33.506447
29.484707
66.287186
16.406488
0.28741956
69.603966
88.31043
4.545045
78.75964
10.203606
26.11596
73.18297
23.598598
56.148243
35.392868
21.842081
14.440298
77.915634
76.893906
12.024981
24.745338
99.83558
69.469246
23.576706
35.61999
83.414116
87.90023
60.48552
50.749897
87.77648
10.233826
74.8048
90.27902
94.83025
88.56969
16.933924
95.03435
2.7984023
75.66851
88.54879
54.14702
53.163033
37.431805
81.66785
89.106926
30.470158
44.907932
89.63306
34.926693
87.36328
97.23145
99.447556
67.76149
6.9379807
33.5863
41.52413
40.474216
37.15577
54.24667
24.356724
19.756115
66.548454
70.902565
5.136168
26.07581
63.522137
29.292042
0.41298866
80.56549
62.78425
3.6753297
76.3945
69.65189
49.130188
15.493697
49.496365
71.556076
91.21455
16.819454
92.806656
10.536337
3.9837718
43.644726
71.93299
40.811584
38.96263
51.961075
8.372694
27.41968
95.18044
19.79723
94.4663
14.8403225
21.61904
26.318354
10.87349
24.111938
13.902598
1.7202199
45.367188
27.524937
45.57936
2.5099277
95.90765
37.97155
77.63093
80.94993
97.07931
52.928925
51.461685
36.613678
18.004942
85.163895
41.05744
15.381843
93.06507
31.95315
52.559208
36.583202
10.72585
9.35384
55.28837
13.701624
67.41269
49.339622
81.20966
96.03976
4.864258
6.0034156
71.66582
7.4243784
73.28375
87.14858
95.51372
29.492558
76.701996
53.137005
33.900177
58.909702
59.42584
53.58897
79.01035
24.200327
26.72118
91.25293
40.193462
44.44242
72.74367
61.961067
86.71811
41.17244
23.262232
60.001625
85.64732
20.316685
19.317352
13.474268
52.37681
43.217827
45.322575
17.317032
14.487457
26.833635
86.275375
19.831621
73.77494
1.4852047
24.022913
37.87938
21.499664
10.220647
12.574792
86.726776
35.724155
33.59825
13.225174
12.103617
42.560886
45.702698
98.01051
67.77787
13.542599
56.27452
16.368109
44.28957
65.262
26.30409
56.670113
89.926895
23.834837
93.22704
58.79361
79.13593
72.357285
41.431503
53.570087
45.961678
53.906948
65.18272
22.668945
69.51183
3.1389058
6.886858
11.354083
47.571987
6.330991
3.0117452
55.06686
35.196102
80.8229
23.681242
37.703167
33.229713
40.97396
67.247604
18.847937
52.235622
7.646495
36.868786
3.5025954
29.18734
83.23204
27.686983
80.69621
55.64077
73.61496
37.59198
96.82922
69.01756
94.26176
55.294563
20.991404
34.327168
59.699226
1.6276419
88.4682
87.371025
66.675575
5.297452
6.1579285
46.529495
41.774094
85.94539
70.93705
17.007923
17.469913
25.139326
85.71309
86.35448
17.699898
11.138028
74.889824
34.66316
98.87974
3.8744926
63.443638
87.70653
86.6889
42.05621
24.293583
20.933659
37.40438
90.61723
44.972164
60.51101
7.4609222
41.576855
64.913895
22.13034
41.425144
48.821907
82.431656
15.976506
49.680977
13.1581545
89.41563
27.916182
88.63602
80.45452
21.048653
52.57866
31.785048
66.68101
86.779945
7.5556874
15.934545
49.526596
2.1423876
42.51492
7.5383368
39.049774
63.757645
79.72991
86.470856
57.997246
92.37951
79.57067
23.533588
76.12284
21.723902
26.12533
1.2282848
78.70972
90.080795
23.653645
20.325518
35.765953
23.568731
97.38337
55.81031
29.813545
5.958372
4.6951175
91.01038
3.1691432
52.15205
1.5017748
17.033745
83.03393
27.869213
29.182487
42.7984
19.040691
44.371925
9.407496
8.479386
34.184776
57.002182
66.27957
29.489511
8.889085
83.03891
60.1749
49.326843
28.482342
46.373592
77.30712
35.751854
67.32676
42.518955
99.24198
86.60102
25.501215
81.58775
92.29754
97.71494
95.17699
13.502132
36.981148
97.383766
9.024877
18.526196
30.404234
38.628433
9.137893
77.27351
72.11001
14.59468
95.577934
32.96147
7.137376
83.20024
43.85534
60.50751
84.68158
47.621006
72.087524
43.048023
70.71432
89.71613
44.479034
77.87627
66.77221
27.377398
97.9064
37.225193
62.254215
5.1564455
4.1237593
61.657207
25.48936
4.301852
39.340298
77.27398
0.11293292
5.263388
35.130466
85.04464
62.550396
67.345276
65.85763
49.1015
47.34564
28.87624
75.61955
9.014416
7.437354
32.187492
26.31933
2.2840023
33.1009
53.839462
23.551195
21.360611
57.011646
67.713684
40.852207
53.481396
63.691566
90.40255
59.355473
90.91748
53.47642
91.21078
89.39889
28.543139
77.15409
87.268295
65.16746
29.999458
14.703459
64.79415
51.51312
83.45763
66.29918
55.309696
73.80028
43.73667
16.195053
68.25086
53.628815
75.25386
19.573557
14.463967
83.81175
46.2528
12.330562
6.786233
9.816801
50.546722
6.493306
60.425217
58.36775
40.526707
76.05099
36.08673
99.95313
81.62363
64.97643
29.49593
85.07827
91.29888
30.763954
51.66233
15.258116
7.8028917
31.593042
12.320459
11.579788
68.52811
46.005375
94.60793
15.325314
33.25085
92.56838
30.212032
87.36005
2.6733756
69.27289
71.7237
83.04488
91.52684
23.31518
41.398174
36.169197
72.47065
70.45022
74.36033
34.235947
11.832404
27.338154
88.747604
55.33377
40.89362
82.37037
7.4056864
37.337566
12.272734
81.545044
35.405056
88.38778
65.63184
31.319576
7.5053873
25.168371
1.3958037
44.314854
60.248608
45.657627
36.689705
64.66278
37.910397
35.549747
90.85636
85.115395
1.1975467
53.78544
35.60369
99.27528
96.27073
0.49789548
9.259147
50.028656
41.137028
99.64795
68.29524
34.094303
61.244846
14.725023
60.067665
86.23402
28.588884
96.72574
96.7209
92.85774
33.97043
53.350277
84.92196
10.315436
13.246655
42.70024
83.251144
88.97677
1.2427688
76.00597
77.7907
20.200611
55.10559
55.903786
66.103485
33.492416
58.672882
49.93503
45.090122
18.606037
35.15732
75.22023
4.175454
39.19546
84.14821
48.210674
22.234232
37.05362
55.48151
83.13186
65.26706
9.242696
44.594604
30.86924
38.03786
23.840826
67.05575
64.830475
82.95235
36.981644
52.33898
96.53274
64.97601
86.78761
4.717535
47.658497
74.25386
85.19967
61.297916
0.007414818
5.5101395
62.150066
40.451176
74.61839
92.79348
57.642292
7.768142
67.379974
42.523956
14.78182
88.53509
53.28668
90.23768
23.399532
55.77075
4.2931795
25.368368
61.440826
9.0737705
87.19098
72.62471
5.6378245
2.701646
85.36784
72.097244
49.08055
60.051582
40.556686
67.55573
0.15922189
37.466633
33.148186
43.182682
13.030947
42.28412
9.302181
63.251503
46.39824
20.330215
43.4829
82.33053
86.16595
66.505905
71.259285
41.120754
33.720802
71.383026
90.91414
25.97387
29.470825
47.321735
66.81834
99.7559
89.2685
12.833649
52.43218
54.60436
6.863868
94.86202
17.544859
60.16622
60.095417
9.2561245
20.863312
96.3081
32.693535
31.720894
24.78742
49.57835
71.973625
89.475624
40.193855
95.705
79.02342
10.119039
2.8941333
84.278076
19.997263
13.950157
84.29335
29.94753
41.633923
42.221745
92.377594
10.737538
21.994251
72.30715
17.785025
87.51664
28.610802
85.155464
67.21605
18.665855
44.75831
57.119537
23.221928
25.259989
53.457344
41.504986
97.45088
9.641176
95.24314
62.056755
52.26216
84.44926
85.858086
45.93621
53.338535
90.626495
54.114323
95.221695
60.19687
77.590744
37.538647
9.0780735
40.537357
62.94105
17.433422
81.78565
12.969804
54.30516
38.107525
80.91018
37.157623
94.153885
3.7528992
53.958954
13.737356
16.799664
86.33203
77.64126
62.975693
92.885376
78.529015
90.885796
82.053215
83.28743
45.992134
88.42664
48.71075
54.6473
45.514046
76.22748
32.921898
91.16665
92.27235
41.261364
88.98553
10.621548
55.668037
86.99922
45.250557
90.853294
4.5929375
60.998608
56.439663
90.6718
88.133995
13.651371
79.63866
5.8687506
44.84861
96.68171
26.43739
6.9025397
64.94971
38.43654
3.9802432
25.115602
56.21376
30.241138
11.908686
74.72379
71.42285
66.78019
12.013698
49.231804
66.99016
4.0959716
36.08571
14.649892
67.47537
14.672857
74.739044
34.49551
86.41403
21.312963
77.24398
19.95485
91.76668
4.0278435
47.53291
64.95993
34.906242
78.71441
4.030621
32.826603
80.03435
7.499284
66.826675
36.329536
59.940292
90.68926
82.55925
44.806873
41.84475
14.431077
9.373122
53.54596
50.519623
49.45039
77.174164
26.072895
65.82515
60.407936
54.412388
28.13409
78.196945
46.09397
85.63381
92.511795
52.452404
74.305725
84.45805
11.065775
60.634686
46.055443
46.436447
39.558075
5.6027117
48.78888
83.9592
12.230557
64.897064
72.4196
31.108315
7.4088755
49.32031
32.878708
46.75479
38.55999
41.98094
1.0308623
87.49748
93.5016
74.642334
78.516815
83.02147
29.434145
11.533588
12.462723
31.464064
95.03276
62.8207
46.974052
24.326336
80.205734
96.27229
77.64412
93.83027
46.816414
75.91085
95.505875
61.431343
22.509563
39.311874
76.30325
17.051298
17.925423
53.45115
19.830954
13.655895
73.48196
24.422825
60.378067
61.790783
44.327747
4.8356414
23.810547
20.889801
75.096664
59.183907
78.15566
27.432234
4.125124
40.98658
24.13205
69.758484
19.53122
74.05974
69.1412
12.530411
87.02051
46.062344
74.85081
13.9777775
96.80918
36.625053
24.520285
41.30439
70.28547
50.19012
14.32004
25.5956
6.9212017
79.47398
83.566956
60.496616
89.76829
27.591515
95.33974
18.60317
50.209705
92.7938
2.462697
67.26992
86.3777
10.97343
58.280743
19.308382
47.008884
38.149303
88.73031
63.28727
15.997291
82.68521
46.491577
18.89919
40.36399
98.715195
41.849495
42.716415
33.929455
75.89709
43.470734
32.7851
4.110736
93.010254
78.60969
12.624449
3.7380874
94.933876
32.08849
8.589804
12.677729
44.12862
50.368435
13.075
34.75289
42.901688
37.56771
70.07844
28.681904
14.529812
78.62242
51.213158
22.518517
26.874363
17.984032
57.837803
29.71893
87.64046
45.161144
88.72123
52.115578
96.16034
8.721649
29.188282
26.70756
1.8373132
73.56174
25.250786
25.55073
57.549442
10.621548
9.591198
22.729027
19.822342
29.896534
1.7843843
91.30703
2.943015
35.48497
45.72559
23.509508
46.96716
52.263554
7.3527155
86.66559
79.39978
87.14559
96.4435
38.525803
95.89555
91.11293
10.130888
51.554173
29.383623
61.49971
11.973018
5.171263
31.389076
5.3310814
49.65992
36.44746
29.878633
94.684456
94.02356
27.501308
19.642294
12.657219
20.78743
6.23883
63.04017
75.01997
99.85789
45.78456
48.960503
37.245476
51.893986
37.02259
58.18023
61.382027
51.930595
43.417896
85.1843
32.04899
30.069334
13.370264
55.13882
18.347675
41.353096
53.720665
74.44166
79.19054
54.12531
59.9542
52.472168
86.75695
68.22992
50.705402
8.269602
87.597855
2.6799738
83.26604
20.392454
57.25973
44.82172
95.1293
21.714067
13.919658
89.02008
56.697357
78.02268
3.9673924
98.52522
59.962772
3.7078679
30.102085
37.046707
55.394203
57.28421
65.50487
50.820744
77.86862
60.843002
48.993195
53.331566
36.066776
1.6132593
31.559395
15.622783
37.367065
90.59518
97.95669
89.15899
61.330055
76.70685
4.4480743
55.879707
4.0691614
88.12458
99.71423
83.401505
88.17075
2.6272893
57.27703
60.803368
58.693115
31.968576
79.49894
52.174355
75.78044
51.84839
2.9409587
57.769817
24.534924
68.25811
68.09103
44.43707
19.264204
96.20541
21.512407
52.717476
3.6469102
40.531357
11.419737
14.057833
82.62885
27.214718
67.49601
0.77914596
53.184788
92.78429
29.154163
68.329094
86.97405
18.85802
92.97374
44.91945
11.215764
7.0893645
87.0686
40.520405
7.954425
49.679817
77.842926
24.509584
24.737335
23.929913
60.956573
99.77724
50.350105
51.92586
54.149544
48.056118
41.73852
33.339207
73.48074
55.522198
96.977875
9.454155
47.945232
44.711124
3.8421333
17.999672
79.584526
35.487576
74.1944
83.27892
39.14707
57.72565
16.398834
75.64888
60.95404
16.60598
36.887634
3.8619697
57.555103
19.66914
78.86079
47.455753
65.507774
66.20839
52.122288
32.644684
91.483185
54.022156
29.84463
31.471401
94.0043
7.326597
52.49917
61.817963
84.384766
80.660255
98.50066
65.82574
92.59688
56.36971
37.808407
90.95599
34.40572
63.78175
56.636982
25.032192
57.52678
94.04203
26.700724
91.89412
91.972374
29.992462
34.504623
84.57952
96.135925
21.092224
98.87042
49.10944
71.32348
1.5455961
97.231415
73.930725
16.992092
19.33155
22.638554
41.867233
53.320686
35.14505
78.59972
56.115913
41.158764
85.331184
32.843983
16.52469
58.923042
30.255676
34.194798
43.297108
36.504726
29.306816
9.59478
82.63776
15.386486
72.52408
6.9080534
81.99937
77.43676
34.92097
9.701818
54.895515
20.550425
7.69881
94.36098
19.144238
23.552216
57.08133
19.511002
54.410618
34.49902
99.34887
70.022995
90.58766
92.446396
94.28595
30.370123
77.52306
92.43575
9.714615
37.62828
57.55613
74.27309
9.664
86.11077
38.02863
37.785484
57.18534
91.95368
53.19107
98.64465
90.58312
15.695405
89.622055
20.339125
46.182995
18.101906
91.35305
18.07173
30.542397
43.574078
39.34912
90.681725
35.641552
86.14117
32.9036
16.3804
89.04237
65.31492
69.9905
49.19568
10.806793
88.284515
0.87406635
85.40839
35.221336
86.717
99.55438
75.60628
49.741375
21.749157
85.24704
38.76993
9.269798
50.883747
19.43354
73.338104
30.70525
42.017967
80.5177
47.59221
41.982414
19.629526
69.286606
11.875844
9.49164
98.43258
54.76833
89.864685
57.27984
33.11171
26.33211
39.87466
6.8338575
16.879416
57.6812
2.405703
45.130054
44.724827
9.4978695
71.94035
85.15861
12.786984
36.730927
12.439358
33.021755
17.063236
24.746967
22.800797
61.246277
1.7349184
45.739185
4.3885174
2.9898822
69.152985
6.905884
74.015724
96.769226
24.682104
98.04084
46.728493
98.16612
85.17327
45.44875
10.422611
32.213886
20.153582
37.702156
63.60889
37.924774
30.532383
16.946041
56.192513
81.35292
56.68243
76.54785
86.43969
13.917006
72.4324
85.26468
73.67013
83.21868
85.385475
72.19561
61.750637
70.63445
68.95181
72.11045
62.098415
16.43945
84.75816
2.8626144
23.371529
83.6153
73.194244
45.132607
7.878661
16.835028
47.60635
28.400337
59.34406
36.004128
97.19651
18.564516
93.19292
3.3284903
3.489554
13.830286
16.964394
59.899067
94.05835
12.252813
65.61624
9.515971
79.13237
31.594467
92.96868
52.767807
46.15109
68.93181
7.7721596
38.646595
73.967766
51.801228
50.11223
1.1862993
92.281586
86.7285
23.135424
8.299762
68.30791
75.93803
86.2561
44.251984
87.332756
84.13769
71.76207
27.707148
87.59539
68.839516
57.563473
87.24584
64.17129
78.08533
48.027344
55.452084
17.769558
96.140495
23.520994
32.465202
59.507645
22.202461
91.37803
18.18884
3.989774
80.00972
38.239143
28.622086
72.913185
22.06074
60.65643
32.059788
67.789536
44.65207
59.84837
52.79926
51.343567
16.874563
82.729034
57.648476
46.19223
34.88279
87.7964
29.679066
30.287235
93.05374
6.9536567
36.591614
90.40151
56.019222
66.46536
61.607594
17.052305
73.994514
58.444656
3.383565
61.386265
1.401478
12.765467
90.029495
71.72463
12.625635
85.14664
39.441555
25.012033
5.045223
35.225456
33.926422
26.974493
98.480156
36.402744
38.16043
80.328026
81.24603
12.588244
54.114513
89.15883
79.442444
94.00454
79.47062
51.200706
90.39614
91.03343
73.60445
80.06024
89.82388
0.6361425
70.32339
33.69197
0.840801
40.886658
43.699654
11.124068
71.04961
95.17611
93.56237
19.412178
0.29312372
86.03914
83.10653
30.19867
68.99249
69.496445
21.800686
8.534962
47.14223
82.288826
33.05268
44.554222
92.8696
7.1987095
95.2081
85.24316
41.931416
74.42814
65.257126
3.3494115
24.620152
51.153015
32.522755
53.081917
42.349087
6.141239
51.569008
17.735207
74.81299
73.756775
43.13716
18.027407
41.266846
91.63742
54.188995
7.4292717
91.38532
91.50526
34.768505
63.036083
76.67538
83.43507
23.610168
88.864174
40.893757
73.76754
66.00805
79.42212
44.810337
86.824326
97.762924
61.90713
98.46204
44.586407
75.95515
7.617128
43.326622
78.27466
80.321075
9.668404
2.2393405
65.872345
34.175915
92.698524
80.07113
82.41671
38.723915
99.0602
50.936382
20.536863
93.387314
78.530106
44.820152
50.21645
3.1916976
58.537228
48.886036
84.91158
94.55216
48.43997
56.289303
59.572536
66.85971
13.844818
32.07853
91.22525
69.48097
70.06848
64.79001
28.806316
84.12869
82.61994
40.750523
32.96137
9.571618
17.35065
12.098206
93.37709
39.427006
64.334854
39.361294
58.595306
20.977861
23.554325
24.417103
46.643585
11.802715
13.342982
23.167927
32.510155
66.283134
65.87804
41.75749
86.60579
92.11122
49.68083
92.115524
15.8167
0.6660223
94.31872
67.62522
42.299717
19.036972
44.79937
17.387272
34.353344
46.57895
95.35216
56.597256
75.8808
87.78525
17.543007
73.71313
56.317963
15.122014
24.425667
44.18355
69.41993
51.00266
89.46358
61.414738
97.78403
74.57869
50.344784
63.3141
9.049618
75.332954
77.95139
96.168274
10.779601
86.990585
29.342484
84.85629
73.33572
38.986885
50.685017
1.5954912
85.658035
82.18352
66.95185
65.75949
17.613691
55.803024
25.545877
0.047522783
17.165565
15.317178
31.75984
87.74004
21.516592
89.4988
76.41319
60.32467
41.911304
58.81605
56.701946
21.861284
33.035175
78.15869
97.149704
27.579302
53.871136
12.449181
0.76461434
59.929573
99.188934
23.479397
83.60762
30.278105
44.10786
76.36174
46.794235
12.318868
20.75001
11.889065
16.62922
31.853539
91.06543
21.021324
79.56863
83.65251
6.4503193
25.380766
67.78577
70.5535
48.59636
5.327219
22.368855
2.7126372
30.71546
68.74767
3.9931715
10.002005
40.30658
39.540928
9.996444
1.013726
18.207253
86.88032
37.162025
5.1125765
70.85344
63.231396
41.51286
5.6684074
88.320114
70.88382
50.684643
73.24999
7.5077477
10.088682
86.9353
36.489952
93.26455
54.995663
35.830803
48.914917
68.59196
61.244766
18.704914
74.71736
74.484665
87.632355
88.01871
91.72991
79.33214
46.650494
0.9503305
1.3152242
43.894463
19.365734
45.447083
12.134046
20.212246
40.09272
97.40185
86.49217
68.78141
88.227585
0.71899295
76.94755
98.09502
7.596034
52.268185
48.897858
2.213633
98.463806
79.85727
57.846443
16.174484
11.238295
57.47014
92.90002
54.4007
82.70682
62.506218
89.79147
5.2509966
40.81972
44.332207
75.409546
44.696045
9.508032
12.133664
13.58406
5.870384
44.36019
28.165531
49.912846
8.792437
48.26925
95.69188
86.97634
58.544624
55.059605
90.13227
84.68715
61.150127
31.83509
98.46566
62.141006
67.57224
67.141495
2.3638606
54.615932
28.810757
63.355804
81.73018
43.8106
52.90242
95.90988
89.512344
61.587967
79.48804
98.50262
88.36072
62.024982
94.037506
68.384895
72.74621
47.154915
64.189995
96.71556
74.68132
16.179317
0.14452338
30.042643
60.659058
22.93883
82.61532
75.88602
35.608246
72.94414
11.346978
20.469873
35.641567
59.22224
58.180077
23.724348
94.539345
29.632717
47.594006
66.15448
33.974194
40.22001
78.76907
16.035234
49.459587
86.71996
73.55482
62.16759
33.23004
15.723533
19.169474
67.22117
2.377534
8.4710655
40.66205
66.15356
41.534447
53.124195
11.632717
91.557274
50.477253
89.01679
0.7284224
7.829058
29.809834
21.26448
72.1238
85.1281
84.26461
82.7165
59.487057
25.102783
60.34136
18.131477
21.555502
47.78986
20.506323
2.278614
52.956287
73.96226
42.83102
88.09897
63.66826
52.119183
95.90481
35.862434
84.70586
23.434729
92.564766
61.240723
94.204834
32.032032
61.221416
85.26379
57.90206
39.213753
74.39937
87.178925
19.641954
7.604164
44.954933
81.29123
72.435104
79.95389
90.982704
28.998137
57.97968
84.59728
0.7021785
89.56823
34.48287
78.77046
13.9531555
28.946686
78.95229
67.29237
12.971556
80.25063
43.540997
59.14193
62.820976
56.96353
16.512972
1.4547586
12.490452
98.52784
80.249954
39.197315
7.816279
5.510396
52.557556
20.602697
43.941456
39.279755
17.275501
11.281502
10.195578
99.755005
27.591341
3.2243013
36.582268
98.89065
15.049946
44.726173
16.330696
50.843056
81.40573
61.18503
51.348442
49.975048
44.35708
48.91436
90.360916
91.81254
64.820175
70.29077
16.807783
60.649334
98.544685
51.01195
4.271311
0.6458819
92.15785
22.819006
20.729685
58.9871
19.574196
88.14925
3.967172
33.02131
23.362137
28.803516
94.05228
25.424831
64.167854
87.371284
35.246513
58.516674
74.523766
17.95544
9.674668
81.13866
78.9896
8.335334
44.529736
18.335157
56.07734
97.32632
19.771326
28.791565
37.096508
53.519554
65.78735
0.06361604
29.038692
1.1663496
72.21987
93.554695
11.8236065
8.61668
67.31399
55.540997
51.39324
28.903765
79.253334
6.934917
28.815556
61.82179
59.828644
71.60536
59.10851
4.768944
59.592373
73.69503
42.0944
64.88353
60.838448
40.304672
89.23238
8.309353
39.08243
63.031696
25.853508
41.073143
69.28499
65.09786
6.1519804
18.889349
74.255424
69.1802
60.093605
15.635866
29.199463
82.63895
36.326153
89.2412
58.255016
93.74401
15.267372
42.8245
51.424896
75.92868
51.668064
13.231677
79.20915
12.301052
8.775175
30.27497
18.420578
3.9342523
67.2426
81.23089
27.402931
1.2173712
14.455003
16.268927
18.746174
75.219315
35.056335
22.817999
89.49954
17.102993
55.135674
38.33864
45.029663
48.692764
22.456562
21.030956
25.576466
40.97355
