38.378202700232
49.592626956102
78.681728420165
87.163347046433
89.37463978742
28.21342485408
23.014564124408
3.7846868409704
99.275882169267
48.157070413305
27.411878214875
45.763184803428
60.955752088202
31.86323625588
47.752831013758
67.482324674484
19.981639143071
93.989521075967
90.934758396323
90.879710480049
55.641617325899
63.96561333163
26.5517456115
20.203050840741
17.472259335905
29.905198761218
6.332518163292
82.524262779636
67.483573578058
82.407139326635
88.791591855135
92.491233485048
58.864334811859
10.459977300121
93.070388721801
5.3502353398829
26.285312569833
43.110633335593
24.775195738662
9.4422032169263
20.400347896107
49.842072115206
34.708639390165
25.170373229855
55.241302193721
91.463025608781
6.6008893338036
53.091893695803
19.686984792206
10.179591369899
53.493141361276
26.334963564917
65.595357336847
53.480302334521
69.906649771103
13.569142675758
11.230388056128
52.47549384482
33.55051681099
99.78083046143
5.8891451945012
29.66053300987
2.0259888386475
66.059898150181
40.522424476464
96.994551828594
82.355318582782
41.136024725221
26.079654472917
8.7525313760864
47.619407646181
91.322759860811
23.675585036946
95.946636933809
86.012630530639
37.762471864821
26.523269399313
66.218701687743
76.179211296225
69.825570131571
61.327736387648
48.797152726351
25.258180836802
57.480701784361
81.675909451058
12.445409415497
8.5481104480792
50.280666328166
55.479522494357
87.814129184845
53.251354281442
7.6625002118119
77.002164990177
41.457314156674
70.393177434054
21.937117502995
12.722697114908
40.644424008506
7.3932150413251
39.245941880739
7.3139620978916
85.732487349646
61.80985442447
65.494683881055
35.726915642492
74.000917688944
52.897512285457
79.972431985649
45.11273267917
19.453878896057
38.724423171358
74.412120633951
84.168309291903
61.552243941255
79.736013142269
12.283445667607
45.247815663576
61.83156192388
25.522379868441
63.945200137769
67.542582595508
10.567121119503
85.227475867247
16.557123380041
67.807240070685
20.551144806925
45.589745950694
20.725897383283
21.240746752005
42.147721090423
55.27369336005
95.233203561619
31.482495615018
20.71876331266
37.359349214174
85.882733662558
46.284939323685
33.389282474941
72.623904828273
27.399428154994
53.52507021908
22.805557317476
33.763962580712
12.733973149552
58.582709989782
86.008480184715
19.842432681398
79.771914137421
42.44847481253
23.467766504487
84.640624460131
5.5015101588804
19.862726479705
62.080741004125
16.109913408807
56.101215610328
0.48265587560956
0.37481468188335
94.090928460514
71.043844181599
0.33855671078831
39.590855147499
3.4866963995093
30.280752028469
87.90208957526
13.116711523904
80.284686423971
38.314081839432
67.417681434852
49.849087535333
45.121570231915
15.145707975675
68.754715877005
49.429504782627
68.665144903895
59.732989622156
12.824707251426
40.385675728501
90.914187110455
28.075736727601
12.754149368384
58.523487420065
97.028749015661
5.9242715155353
97.215498889431
83.341569026626
24.577371740983
72.90135881533
16.825848266867
67.03263570882
99.101323820232
62.892325810572
68.50952793309
62.483425374368
4.6906809344379
11.652773903521
64.440526051652
35.001059451607
4.6038218329678
82.715769430024