29.454643
71.415764
50.066547
23.70935
72.907906
5.0831738
19.197815
49.891396
2.4843276
40.58909
41.600956
84.26382
31.624323
46.187378
73.9658
29.13456
91.712204
17.382442
6.302267
33.853287
72.909645
16.652483
15.584194
12.564903
9.776747
90.305016
50.585262
53.81705
40.63942
85.62162
72.14909
85.301056
96.00289
57.80356
73.57708
92.418495
47.53732
31.819462
47.20728
35.038853
53.102676
2.7714252
67.95929
50.344265
63.083004
67.5914
87.80931
35.20565
52.419518
67.57127
89.82444
34.823875
24.939507
36.297142
32.326912
17.683828
10.954184
30.941492
26.590628
34.057266
75.03857
30.571604
71.61916
56.76183
43.117332
6.2230706
11.255974
10.61067
91.48171
61.09471
59.183002
59.506184
55.485596
51.535
41.138096
37.53875
73.05952
90.765884
48.59907
59.408123
83.79523
6.8425775
59.73211
4.2135057
34.460777
37.55759
19.884945
39.943684
67.98942
50.30454
51.43371
0.188303
87.13821
40.826534
80.29339
72.596146
23.342192
96.8513
80.61244
44.89782
13.316572
80.48977
89.64417
39.92498
93.51417
45.637905
78.88344
68.59257
88.77365
36.226974
65.45374
28.425497
64.8522
19.831865
47.413963
65.62912
73.7942
74.749084
68.92778
18.2087
80.327095
32.13729
94.71494
35.08502
71.09137
57.177406
59.30752
66.94088
16.21062
52.523308
74.605225
95.639755
44.509686
65.70598
31.111437
84.01764
74.92503
50.81592
23.900282
11.761135
2.9682755
58.97436
16.489708
17.607319
3.455305
36.12919
24.864727
96.45882
80.37239
78.95639
43.209682
31.983793
68.2965
17.552715
33.58188
62.21448
84.11593
48.674686
87.71622
35.478886
5.1154194
66.07902
22.131407
76.17085
42.317265
19.679523
52.26178
30.419754
14.138084
66.445694
79.8297
38.25935
53.074997
50.98458
25.276726
95.576706
90.731224
9.38372
6.7756233
41.668858
27.799982
27.030891
54.951138
78.93222
64.72837
89.70462
11.557931
93.90564
25.074392
51.25443
77.425285
73.99183
71.757866
43.72567
94.21849
73.66738
91.508194
83.96147
93.03658
76.39309
31.1464
43.742023
78.02417
25.448776
67.95762
98.06398
39.798225
47.66069
39.26413
9.073841
85.69587
10.401458
79.718956
53.30398
62.536865
4.457897
90.44182
47.00183
67.33978
29.501904
42.426636
39.96974
93.579384
9.026348
22.7216
62.53468
63.580177
55.937473
5.186081
6.335682
4.7413945
71.624
53.84473
5.145627
94.279655
95.96434
97.98917
99.901
58.191566
80.93664
25.021584
89.78323
49.260593
51.204372
98.20591
7.42628
50.556206
70.26587
33.416664
6.52656
4.7054234
18.546682
30.891657
11.277175
75.276115
42.30707
6.952882
72.67212
20.231236
70.625595
66.52362
81.92701
34.23683
57.256813
92.71491
57.69996
77.5917
59.16321
55.268967
4.6925187
5.96301
52.367943
88.532326
16.351437
93.540924
35.90624
2.999866
95.124825
69.56189
27.574575
46.249043
97.961266
76.60121
91.45309
51.009357
91.95019
91.12077
1.4380634
14.736271
61.22191
0.3084123
70.95864
68.74487
29.052979
2.4077237
14.41896
70.88199
12.718129
33.96592
37.520576
6.8648934
78.71569
40.494137
32.35887
7.5908127
4.854965
6.0200987
18.992376
86.537125
27.178753
71.3126
82.06009
9.253818
74.21243
74.877144
92.03486
20.135284
90.55531
90.18289
32.979572
47.19869
74.895485
47.313354
28.40907
68.35443
4.234016
77.98338
24.308086
70.30636
63.107735
15.587825
52.83013
39.25336
22.12525
92.91486
25.083918
49.28111
18.962914
80.948555
39.142876
25.845797
43.454273
94.698105
6.4946413
56.986774
49.457855
93.43012
2.1465123
60.60027
44.276936
30.566252
0.14930367
31.812626
2.5662124
65.67294
26.087046
37.572033
28.49173
60.557365
13.857227
76.2082
36.57216
11.951345
7.6524916
15.878534
28.844273
63.38236
77.328705
88.327095
31.048399
22.679502
81.247375
71.84327
82.268105
43.537678
94.216484
11.145616
96.29323
9.371519
37.38948
11.37113
75.878395
55.351925
84.04619
10.472929
36.57621
45.36389
41.26303
88.98161
10.03269
70.30003
7.8374624
60.945023
49.202477
83.565506
7.779127
5.414629
53.09553
40.188114
84.59657
66.925125
0.92399716
35.276775
13.851577
19.250034
91.771164
85.259735
78.40804
31.490755
18.599297
4.165846
88.806526
99.312546
10.427445
70.13359
55.358982
49.011196
99.249214
90.549644
48.13078
27.82685
91.91514
60.8259
61.603188
53.160892
11.097538
9.2484
6.248206
27.744358
54.513992
61.990696
30.932777
27.391642
61.34843
57.321697
49.15706
76.45143
93.265175
32.34694
27.069777
59.160507
98.32887
0.18126965
37.793888
15.100223
88.60582
20.20166
48.45048
27.698141
5.6230125
42.97535
69.81472
6.6182556
96.90786
27.666473
8.011889
59.915375
76.543755
90.32378
40.116302
48.52764
83.38567
42.633224
25.81268
64.14341
92.93145
32.737
33.096134
98.3651
38.79406
51.890556
22.80985
4.6257677
83.53908
36.431034
12.95067
49.279068
67.91996
76.20491
45.225067
11.027783
4.157895
54.7543
52.236958
1.2904167
50.07874
48.75558
80.6733
26.70188
64.15695
24.07118
53.473675
9.738218
49.657356
92.00513
49.589485
87.044914
22.25455
54.701073
73.7334
56.592514
98.20424
34.90266
68.477196
85.00613
88.10903
78.39058
57.97859
82.6009
78.64747
52.259
85.11683
24.652122
95.71111
67.80042
23.319733
38.64598
16.929996
1.1991262
80.10869
85.667984
59.579266
0.6175101
13.424677
63.226044
26.682531
75.78869
13.990057
21.77108
85.40426
1.15664
59.984135
69.63118
58.51202
0.24780035
74.65325
94.23697
83.05851
55.694984
46.439
31.172525
77.06534
33.60674
45.905323
98.08444
21.78048
64.28665
68.10096
85.73229
26.235098
64.22458
74.74791
72.939285
74.863785
61.43341
22.348684
41.93737
45.706497
31.283134
62.319447
3.1940758
24.325233
10.741502
42.757576
58.419632
70.5009
22.185093
41.429924
2.804017
34.795624
54.573597
11.821908
84.91101
79.25424
59.726612
32.23179
48.906433
60.2716
78.70854
48.353977
99.33176
56.675156
10.980904
86.80893
75.424164
17.386347
34.15079
67.695595
48.56525
0.9597063
21.020985
43.32869
62.91081
44.501583
43.484993
55.553143
2.2731304
37.896942
98.92599
10.890656
41.486176
94.16011
53.61114
61.679417
11.014885
88.13038
38.55439
7.5472713
87.29195
25.647581
6.3323975
60.55562
29.272402
97.637
95.40602
45.447998
68.669975
2.2823572
31.928318
56.57705
7.4148417
50.701107
79.39907
86.12997
51.280838
77.32457
26.881678
0.4305899
34.344227
59.033955
40.174397
9.835738
88.59618
97.35976
94.52219
11.926556
41.139774
16.068829
16.865963
2.304542
0.32256246
59.83789
88.39693
90.09133
77.06385
12.604422
37.77272
13.016415
91.51945
52.318615
5.52761
70.63791
33.88693
14.478291
90.05421
23.718512
85.20498
93.86055
24.442942
97.07706
95.86602
92.67874
56.14494
65.42029
60.481262
45.964737
52.893906
53.86097
94.762146
69.83872
78.91457
93.23562
98.074425
85.58034
35.804386
95.20492
91.95783
48.71518
48.557793
52.766315
35.67277
35.903
75.278946
91.6115
93.0366
18.042881
0.7800281
49.1629
26.559866
32.044323
31.384356
7.625884
24.112247
89.06146
78.05199
60.56485
76.777336
58.123154
4.9405694
18.979448
63.7464
2.0499766
33.538223
21.31409
8.41589
29.927402
51.70192
75.033066
29.468513
56.363045
50.761753
37.151752
59.62092
13.017523
41.078396
13.31011
63.713516
59.74818
11.148966
84.5497
85.51257
59.990547
51.941555
36.913403
50.41789
63.133736
66.305984
89.39469
68.45849
22.596228
93.079285
72.74888
20.56579
45.61229
62.209724
76.43459
81.00042
44.494415
46.507805
38.73309
72.65267
41.004295
18.453932
30.212152
70.224556
68.66555
58.119392
61.540073
42.33451
52.172134
87.2724
10.65365
48.478462
99.833824
42.03812
2.9475152
4.456711
82.16464
4.268819
22.045815
82.07586
46.735
22.576136
72.47061
80.20735
22.307522
95.614456
42.826008
66.993706
31.6589
10.827094
26.726269
52.315407
76.51527
24.932241
85.42694
68.554535
95.41885
1.7029881
81.84901
62.015087
68.38505
47.167458
70.35873
80.69992
44.74835
81.61525
94.28385
72.92357
73.04356
86.452675
66.77737
29.699648
86.09762
57.02044
97.41048
39.029938
39.25274
70.306274
72.98028
8.506596
2.8927505
13.434946
67.81189
57.962902
35.713787
47.69976
34.492237
32.824482
79.582855
20.13014
78.608955
43.316376
45.992516
32.54105
66.70695
77.91162
72.41877
69.49531
13.014502
80.25754
84.80057
76.12585
45.087303
25.740046
88.73417
30.758142
66.00311
75.01835
14.93162
52.99172
52.861298
10.189199
13.950223
78.81471
33.88232
48.51011
66.88388
39.944275
25.98573
2.3603976
67.95198
26.099037
51.21369
87.44417
77.37028
21.571863
76.4372
25.801718
19.498264
65.59856
86.92176
99.217155
63.29884
27.989107
43.839222
61.875767
16.199827
44.745
29.806137
49.982536
55.40868
64.43162
28.931868
38.41309
24.807566
95.47687
50.410706
99.80336
23.26604
61.95295
1.9411385
55.82903
79.3847
4.4607997
73.566696
61.37832
46.469868
51.228786
59.081142
94.042114
3.3936977
19.275724
33.91517
99.55624
25.685532
37.352287
21.22293
60.81706
5.8110294
51.305016
15.327281
57.701523
81.520096
32.508408
30.189491
87.56576
51.089497
54.148327
94.37937
43.94585
59.271885
85.5439
0.18734336
52.17476
68.12026
27.556116
17.902851
35.459114
43.231846
32.703655
24.560898
10.08783
94.30358
21.206337
45.117455
62.095123
85.483444
82.1829
21.356476
44.65739
47.41912
90.08417
75.969475
12.115312
71.04263
36.648678
25.108702
5.6888285
80.19418
83.79205
69.03497
62.16647
73.698875
52.513027
96.812874
91.136765
0.29972792
35.80869
24.711239
71.28589
5.062592
32.494026
29.222446
41.072483
31.961393
55.532104
72.40814
94.430275
23.094189
48.87991
70.41179
55.327057
54.454742
15.883291
54.063988
64.87224
45.784157
98.91534
74.97004
16.624653
77.46087
72.313255
40.549217
66.78087
10.673303
0.8577645
19.242657
99.55574
3.590542
45.24782
52.38421
69.4007
31.546825
49.5058
84.71314
72.40021
84.3423
47.32094
81.68587
22.465689
29.905272
63.380325
21.918022
53.59528
97.34161
39.18848
28.37103
18.832933
60.710167
72.2431
56.214123
67.553535
59.915573
53.281193
70.38281
14.793139
9.421408
13.266474
86.26793
79.34094
78.525986
29.43102
84.6737
54.21189
60.05127
58.365936
14.961201
91.28286
59.955322
44.769894
7.652396
56.91503
78.18105
12.773668
57.776047
26.055712
40.21979
78.9869
76.44298
4.804391
24.488241
62.89371
63.527264
60.97356
31.737637
99.826614
55.460197
97.82562
64.47447
65.339424
63.384712
28.026152
1.1390924
72.96031
0.27680397
77.524
1.9126952
73.82721
7.1798325
27.726639
34.665573
10.046405
15.232903
1.9729376
26.44211
67.5412
72.58513
14.715844
20.2865
47.752285
63.514996
32.627804
92.99451
60.210564
5.121863
82.45753
86.94207
4.43238
17.891413
75.13674
50.46235
4.8071804
87.38767
76.41007
14.855469
26.489466
11.482155
26.003807
62.116577
94.4162
21.1497
7.7358603
32.518124
67.40325
72.25765
77.487656
63.5046
61.101254
94.32781
22.910006
45.73685
38.992237
2.40224
24.232643
84.90684
91.480865
96.39638
8.516473
2.0417988
36.68196
94.244705
96.86722
24.902647
10.251904
40.361862
75.06987
79.789314
68.3847
58.149452
20.167988
99.19427
31.040674
47.227566
68.877304
5.4539976
10.0527525
74.578514
56.37581
4.5598564
37.731586
49.735683
6.7553043
44.889355
70.04958
72.47582
47.86399
31.654692
38.81806
76.180664
14.842671
84.74661
69.1898
79.191605
17.5965
32.351875
32.339615
82.2169
79.80094
18.776459
33.631367
83.35631
20.67768
97.41185
29.613913
8.837736
88.36974
80.39859
53.7604
1.4296353
65.783104
28.492493
12.241763
58.08127
39.545406
17.709042
83.79046
41.09191
41.37458
94.85938
38.757915
94.52302
62.57658
90.005646
44.006115
10.211253
88.34042
49.628235
74.81969
0.243783
63.52184
75.94681
40.41183
28.811466
58.06565
42.969482
93.970314
33.715324
53.289635
22.619225
35.004646
63.282005
82.92481
10.427368
84.783264
68.92525
80.88201
32.075172
83.971115
17.01277
64.803566
33.35367
4.5881805
20.06635
6.989092
77.31022
10.815847
79.70281
56.493313
65.42891
39.999054
89.24482
5.1322994
63.187305
96.761246
58.783607
70.666626
94.341385
70.10924
9.915185
56.74181
84.54523
32.98517
96.79309
28.5277
49.443024
31.71125
54.080654
55.555622
17.211979
23.072683
88.20963
89.50036
13.38808
26.206678
86.14638
87.340706
49.665565
50.746525
31.602324
79.33279
12.033134
71.30205
76.96243
46.094227
81.08288
41.750526
27.268618
24.675316
25.830496
69.20428
53.782707
37.559807
23.724735
54.860096
73.5883
96.00911
21.33298
69.37595
53.097992
2.9494405
99.67623
69.52906
73.94954
5.174512
52.869255
50.315273
79.152565
81.0322
31.43304
21.044046
42.84993
10.579216
65.53113
68.119835
58.86027
49.58403
36.89559
32.896526
59.259014
7.4575367
50.12288
66.124695
75.435
29.477924
98.41546
86.024025
68.942215
74.39955
80.11707
43.908646
49.476517
5.1042795
0.24508238
7.638335
81.68418
19.341755
55.68106
91.09161
63.303204
13.345933
19.074028
58.550106
44.213028
18.30837
90.48273
1.6002715
91.999176
79.99293
8.292091
47.21548
95.115074
68.415054
3.253603
97.45739
12.943888
37.266964
38.201515
1.1718214
24.1431
82.99471
17.98215
7.6548395
14.518279
39.035774
41.607647
82.096275
65.059265
41.177315
34.12923
67.2987
14.232153
1.3327658
67.049385
39.411777
48.51733
66.8538
1.4027119
24.969059
26.693356
34.95747
60.38777
59.182133
29.476828
52.67626
22.397322
72.11591
92.64004
4.217392
79.553246
79.97869
82.255455
63.594753
10.800666
37.31637
91.68311
41.282196
96.95883
15.467918
25.5638
51.403366
52.88568
20.347584
13.456798
69.15611
59.41891
44.66029
99.73033
86.866066
55.65442
76.28334
54.55087
37.934788
56.370018
5.0775647
68.81228
69.21536
16.26755
98.20149
41.89909
58.79771
93.772156
51.53677
61.401867
4.1645584
14.288527
88.59309
57.22402
28.09797
83.276245
23.815584
95.67522
51.04699
10.790878
54.19305
51.689194
69.945564
34.075336
0.15548468
56.59474
27.293348
36.521576
6.7062497
95.085526
89.841354
78.314224
0.37502646
6.1641035
24.180687
65.083084
2.7815104
99.67936
24.20339
70.013985
42.307396
11.248046
31.634628
96.491066
10.590196
95.27566
94.11396
65.163025
46.920498
56.420303
40.272934
27.566982
54.78248
53.659462
86.69266
11.353177
13.489914
33.57116
65.65307
88.86017
17.87557
87.39615
20.819468
66.163216
77.40047
14.147043
76.48949
97.39248
24.756176
10.457945
32.89143
76.820335
48.221516
74.37105
38.71049
7.264262
83.33752
99.813614
68.822044
42.748314
77.97921
29.21434
76.30154
7.064801
51.816772
89.8415
13.960875
15.165496
40.55441
29.957634
60.543198
40.03434
1.6075313
72.78109
1.7183781
19.262945
60.73394
37.589783
25.398647
29.937511
68.59283
20.225794
96.68777
51.1873
77.598465
50.952637
89.85189
5.9374514
28.40743
41.333782
15.731144
28.713358
82.887115
17.85797
93.48661
47.982346
57.727562
6.81271
58.798195
29.276312
96.5613
59.843616
67.70844
80.56403
85.440704
84.23801
70.17139
31.943995
28.996897
96.802216
71.752014
27.180677
95.087654
49.89332
40.382404
90.94427
32.066273
66.40765
19.977152
0.43341517
13.113671
65.075615
89.22041
7.523328
59.828453
95.08034
14.947212
43.409412
6.234932
30.686342
41.05336
34.19535
43.627907
92.17431
79.39545
56.85145
15.621072
62.93405
15.109509
40.854496
36.10933
7.1350217
49.423836
43.586834
75.61422
65.10255
5.4170313
95.755135
93.98796
10.568595
51.142143
76.786026
0.34933686
5.592835
17.775345
66.02646
50.371944
34.479416
33.442844
51.84415
72.91029
50.82585
64.43257
22.172838
74.0152
34.374382
70.72141
13.026017
38.55058
43.096905
91.06945
38.921238
25.086445
16.498661
81.08931
55.488235
86.02717
58.1017
25.240534
20.812458
94.87199
7.159102
27.990448
90.88927
99.240456
24.607658
90.5997
45.09286
60.286842
27.907843
86.12018
30.521303
75.14286
39.623306
27.037216
6.7484856
93.150894
80.30019
56.159176
83.7453
33.273083
66.42211
93.28205
70.93373
38.893814
37.007095
7.0728245
91.48308
87.29268
59.90646
5.573267
86.58173
19.684374
82.254005
9.589905
14.618391
9.545994
24.050957
83.68058
91.64389
22.93707
43.874447
99.962906
75.38109
95.93419
69.54347
32.350204
1.4136612
85.75979
31.473589
79.622314
72.16181
31.203115
1.6251147
42.299698
57.347095
23.874456
28.403854
71.454994
50.21584
67.042564
13.474965
14.446855
41.82131
39.05772
54.36027
97.641045
93.84362
75.24572
9.402191
52.631264
46.877502
11.125528
31.223423
79.34687
91.948555
13.453186
1.2561262
25.564617
63.97797
62.423653
3.4855366
11.612648
63.603897
55.607426
65.87166
37.658245
13.0498295
31.957966
83.6233
89.16032
70.28041
89.15931
75.558044
53.159588
88.99297
17.913073
39.459465
87.4531
28.358376
57.27595
86.22145
48.796062
1.9613504
92.20027
87.542274
1.5972733
59.024025
50.911285
55.206753
50.69095
19.465082
0.14802217
39.091133
90.30618
27.201527
91.63608
38.776134
45.007603
40.704243
46.04614
43.201477
19.900185
76.347275
10.284042
62.59927
38.59454
46.533276
30.977367
85.77146
54.195286
61.73399
18.755985
67.7116
85.8453
72.068375
53.21772
32.00739
90.136826
21.278095
92.734116
9.104479
91.05362
43.18855
3.4595966
45.384632
96.16394
0.014328957
31.59371
24.442905
41.73564
3.0441046
87.20936
76.58499
70.54397
61.997677
38.459503
96.36362
27.707327
30.174822
84.933754
92.201256
0.29527545
81.71316
68.13943
3.3882618
53.14679
15.953291
16.877132
4.894143
67.820496
6.0000715
23.57825
91.69361
54.437508
25.807047
13.944119
74.206245
22.001446
17.047817
42.509163
2.8124452
95.2798
16.036617
8.640075
70.382324
3.2606304
7.1964264
5.1411686
60.796284
22.37454
16.034721
50.78428
32.3147
87.973305
97.075615
11.005508
56.452602
29.92418
14.325267
21.558506
5.126935
96.61784
90.041855
18.49448
65.97663
99.262825
6.078875
66.4262
12.928856
92.18121
57.923935
14.161033
6.6297174
51.118423
69.625244
92.55526
7.9201164
80.590126
95.7632
80.5079
63.07318
72.32644
39.97065
79.59997
38.289207
13.317448
66.535194
60.779953
14.54876
56.256016
38.442303
34.045322
94.249466
83.81724
80.765755
77.18382
55.303722
26.775724
99.319626
76.78973
24.072927
4.0708838
20.504755
44.99377
28.490698
33.685463
79.25845
42.950363
52.271706
94.72769
94.31211
42.483253
38.407295
11.119991
69.58694
39.617874
37.878902
62.317688
77.76799
49.1763
89.56784
3.483206
11.344492
40.84382
40.12979
35.808403
35.99301
52.587242
99.74605
37.930428
80.74274
40.36064
6.639707
0.3623724
46.133816
33.996994
77.46717
92.02299
79.35659
59.011234
46.05569
77.828995
51.06229
12.179732
91.17599
97.05348
19.91887
0.3874898
89.27478
47.211014
74.86453
80.3371
66.06877
11.375093
52.26611
67.092514
53.903378
27.147038
75.76046
15.699732
33.6552
52.373123
14.448559
58.71102
71.11596
10.8549595
93.39078
97.57817
70.210335
45.736675
76.14601
74.6234
7.606715
9.313363
18.599272
79.50807
85.37475
36.332886
26.785124
87.47451
16.987633
89.41486
38.154938
61.623352
25.38343
6.255478
49.132763
36.409264
84.771935
90.40739
84.299805
0.5037844
36.751495
62.51419
10.643774
13.112527
88.99172
64.146576
49.574715
75.48215
95.71784
89.35097
99.4706
78.24204
84.534004
12.514263
11.066729
2.7592182
46.345173
8.313477
29.795933
51.018578
33.43936
88.815346
45.038258
51.662983
5.897653
52.98586
42.028618
60.53824
45.69258
89.04701
2.8393805
71.002144
89.96504
44.671417
27.406805
33.79805
65.444984
83.64168
62.071323
77.701805
81.77491
50.341194
13.681436
22.47618
36.143066
30.616772
63.16026
94.77287
20.231932
14.807182
58.80679
38.184376
4.698348
67.0217
90.817276
51.15478
9.446412
85.34817
12.944013
74.210724
79.618546
97.154205
62.301575
72.084526
58.86117
88.91104
25.587296
40.696735
40.93017
83.225464
39.970375
95.383224
47.55927
79.52969
94.25119
29.74347
10.758037
96.98534
94.29053
46.414684
68.93214
46.748264
73.911736
57.117306
32.587017
9.276038
5.3031206
92.458885
52.610798
64.60498
92.27269
98.026566
74.51689
78.56479
5.4738283
75.856346
79.41002
65.12753
44.932182
45.86621
67.231
49.21271
34.928165
94.517746
2.0085037
40.31009
76.65411
74.87834
10.934746
85.56966
1.262176
58.25654
59.185307